Quantidade de chaves: 160000
Maior chave: 319999
Limite de tempo: 1200 segundos
Tempo absoluto dos algoritmos(milisegundos):
BubbleSort: 91957.000000  
InsertionSort: 0.000000  
HeapSort: 61.000000
SelectionSort: 46455.000000  
QuickSort: 1.000000 
ShellSort: 11.000000  
MergeSort: 26.000000  
CountingSort: 3.000000  
